0.04116908167211156
0.03400060202384365
0.03072562010258342
0.02697868550617598
0.02376094999012403
0.02375893959721214
0.0225122719010621
0.02226035047178453
0.0220541257661241
0.02139066285897798
0.02096953203994066
0.02011280086584723
0.01895773824790953
0.01876622432951385
0.01826492609719233
0.01824021571412806
0.01822633081762991
0.01809418480538637
0.01799189816728656
0.01783879665433567
0.01780562099209688
0.01773045103544602
0.01769597950090296
0.01759296649357686
0.01694429426221547
0.01680152886545113
0.01652798531251461
0.0162919458478995
0.01628643275926102
0.01622865784314654
0.01614784385258582
0.0160172091268062
0.0159387966567363
0.01572580133023922
0.01555640320579572
0.01550252967083986
0.01543055318609907
0.01528630773061486
0.01522692624694544
0.0149397802141954
0.01477884909884318
0.01474262968563331
0.01473016082550928
0.01464565179380375
0.01454931182829425
0.01442428437042949
0.01440720780106769
0.01420506091211519
0.01417744343938766
0.01415946097835891
0.01404015939912158
0.0140152340605625
0.01386778186854683
0.01372420328619822
0.01358785853988796
0.01327983341333263
0.01326411173241093
0.0130393310862745
0.01303271300883268
0.01295903892993212
0.01292946724377592
0.01230297789141195
0.01225725957193606
0.01206586532819067
0.01199562671419448
0.01198649535094925
0.01184935342028448
0.0116446062230828
0.01122000241637224
0.01106257506377023
0.0110513483530642
0.01101121278405346
0.01096472676775455
0.01093970597257694
0.01090182056781314
0.01058459847024931
0.01055776480028624
0.01054437348647967
0.01030621356149815
0.01027139106390684
0.01024361779854582
0.01022197219808943
0.01015473145914058
0.01007002403863311
0.01006491302500151
0.01001055669207942
0.009973357094305659
0.009957336396096583
0.009916977590132487
0.009880125735751978
0.009791079145408492
0.009786109709507624
0.009751394208826099
0.009749744164996837
0.009677417980918784
0.009635747502593182
0.009579655251354624
0.00944204732748122
0.009425284966055106
0.009418907134938896
0.009393438938309857
0.009367246984730846
0.009356157322411672
0.009350617415519872
0.00931902367350333
0.009256939295764873
0.009256939295764873
0.009233471456656098
0.009217079377649706
0.009076996170411498
0.009071621558601492
0.009071621558601492
0.009007373904408734
0.008961003247603917
0.008953424308266225
0.008930725928766746
0.008815856196075087
0.00866645803870301
0.008644487165134874
0.00861163524761605
0.008523917953091284
0.008416416845157091
0.008368130662376072
0.008351861346687913
0.008292711227141857
0.008133575818215905
0.008127384342184825
0.008069824028922725
0.008066410703287142
0.007936425428354262
0.007884219151515168
0.007878217491852628
0.007872220400799611
0.007838323013063265
0.007804571585784935
0.007738813594228755
0.007637981953293765
0.007589665156849197
0.007571705343835729
0.007499020947440212
0.007470522181355995
0.007449691943200405
0.007408832404054741
0.00738317480272995
0.007365703618407257
0.007281429876553868
0.007252530612543099
0.007176227817180627
0.007142909406382726
0.007114559916208455
0.007102530456057596
0.007024238846083458
0.006829663783761076
0.006821001138527759
0.006636546634790603
0.006632617046053161
0.006620842234905651
0.006563946961553676
0.006555621347634958
0.006543983226093036
0.006472943808744262
0.006467469193111705
0.00644125542229385
0.006437986180418993
0.006311771715616866
0.00628034093034939
0.006259650621259565
0.006213740614396406
0.006202184624165838
0.006116714506827848
0.006115679491033065
0.00601153128150011
0.006005938714161253
0.00588172114168959
0.005810983392577205
0.005803121788054604
0.005800176429190439
0.005783514277179653
0.005762022524877793
0.005756662077186606
0.005753740298823809
0.00574255387964777
0.005689835029263747
0.005630925936588153
0.005600515690209616
0.005530819534551155
0.005493507756221792
0.005472167570817791
0.005399954946970624
0.005383986937282518
0.00537715796732804
0.005278882400143118
0.005258375952506381
0.005234847704289501
0.005195134994646192
0.005184595914457438
0.005183280033608464
0.005156596107514969
0.005143088112975674
0.005139607926698178
0.005120508954136615
0.005070496626926925
0.00502352244852099
0.004993856625557675
0.004988366577997179
0.004987100501304613
0.004983304198926848
0.004961846340020609
0.004944662920517493
0.004925038049907341
0.004904246026035794
0.004878585780827746
0.004869100836652952
0.004767588999960699
0.004710649157852062
0.004689968490277677
0.004602694284771014
0.004602694284771014
0.004587530909334231
0.004567004311975597
0.004543877474357381
0.004504830304554954
0.004496452456456626
0.004479743473336699
0.00447519726382197
0.004436364899053928
0.004385606805918603
0.004380785444043113
0.004342772313379834
0.004331029700610883
0.004313110329111145
0.004308733225079852
0.004248637055124375
0.004231416594581648
0.004219975081430889
0.004219975081430889
0.00416463919101227
0.004130947603227826
0.004130598087413668
0.004113507989501378
0.004024001838674194
0.003969891875167434
0.003950791487238684
0.003920819911357804
0.00389502852560405
0.003848184150634142
0.003834857465756332
0.003740321323179758
0.003731470409445576
0.003671029417200324
0.003668545332556744
0.00362933488544398
0.003547361108134359
0.00353776924265338
0.003507664702349447
0.003505291162115443
0.003451432853690666
0.00344968108822357
0.003441226747568152
0.003416276888133086
0.003375190319832811
0.003345053770519016
0.003336573517901106
0.003336291213374008
0.003325581322070992
0.003271161162386011
0.003253219730903295
0.003242227795255211
0.003227993783553801
0.003221172769231646
0.003208931244649892
0.003206488528023074
0.003196465768901367
0.003183240586540909
0.003180010116151621
0.003168729265371122
0.003157488432574746
0.00313459575553268
0.003110026477198978
0.003097945208803642
0.003089568538708751
0.003073143103326175
0.003037982135415245
0.003015700735202049
0.0030141701244004
0.003008564528243046
0.002921762623457684
0.00291213700401491
0.002895184679306698
0.002884182017555988
0.002881011262438897
0.002848048546046025
0.002797652746697831
0.002785606193746032
0.002745824394442125
0.002730764292603389
0.002714178737363483
0.002710736112917241
0.002694728178554423
0.002565241819003282
0.002551172163597287
0.002548583139642477
0.002534175969378897
0.002499041925131111
0.002452123013017897
0.002441770889906157
0.002414446485898559
0.002387225854871205
0.002360312111057072
0.002355723193363659
0.002328179436620332
0.00231384322979489
0.002312668844883448
0.002310126388641291
0.002275979257798251
0.002271746510456469
0.00227136210580305
0.002249367888853778
0.002227021273333107
0.002213120701075611
0.002209004854794314
0.002197818682615604
0.002189095760959622
0.002174327776709834
0.0021693661017769
0.002145816147786809
0.002139651867220843
0.002132602877529298
0.002109987540715444
0.002106063496098801
0.002063726887768054
0.002050498537036098
0.002035976357062074
0.002030986667508528
0.002025666383305136
0.002019163753470422
0.002012681997850296
0.002008598982299852
0.00199066451444895
0.001988644314406225
0.001950482642365177
0.00190143417481205
0.001900147526600436
0.001847199834190506
0.001847043544250288
0.001822360900307049
0.001807771104742239
0.00179193301266781
0.001783613271188109
0.001779543181410249
0.001768136429147689
0.001761267892523736
0.001759033926197304
0.001741116574550761
0.001736261776984526
0.001729517061244612
0.001721487109939197
0.00168175083230183
0.001662649973791918
0.001655490686073585
0.001643626979935129
0.001631848292410502
0.001620428208620617
0.001616456927875247
0.001611404248510541
0.001602430541695018
0.001551333531205084
0.001474417026368325
0.001472920733387743
0.00146558601702394
0.001459769253290096
0.001445022445100467
0.001427764382405018
0.001426315434254589
0.001397643289275109
0.001359732960863128
0.001344516998989448
0.001337142688028529
0.001336350947815376
0.001318827581401551
0.001304179712760357
0.001281752995207657
0.001275478155591213
0.001271383719125058
0.001269556255362518
0.00124878110435738
0.001226165251263723
0.001224299188067958
0.001204672281707611
0.001176765824242689
0.001140688899409294
0.001139627708976455
0.001137893344605581
0.00112906995117547
0.00110618589770367
0.001091218898015009
0.001088360388523819
0.001076636584778441
0.001061709998043559
0.001030380262195273
0.001027942020657686
0.001026203952847376
0.001019194779142357
0.0009962590836437896
0.0009952480430446661
0.0009946587432602863
0.0009495112118159216
0.000938806358962843
0.0009328676023613938
0.0009198564069475879
0.0009128781732975978
0.0009094858843462766
0.0008990040492835011
0.0008584161526721679
0.0008229268170500259
0.0008207711138071926
0.0008057021242552705
0.000783582635041245
0.0007818607028417029
0.0007486490262003534
0.0007258814074916121
0.0007051771937847988
0.0006868046844819415
0.0006826910731508471
0.0006783150692276819
0.0006646794122477608
0.0006351004712182128
0.0006067864805246407
0.0006051969690921862
0.000602132314216663
0.0005938847893734564
0.0005858989370879602
0.0005585483248377797
0.0005419286818646608
0.0005296436223517656
0.0005278540695103126
0.0005247368891777814
0.0005238496520791566
0.0005227427150095467
0.0005222564040019689
0.0004998183213321219
0.0004834303612619813
0.000464975834437763
0.0004451870411795048
0.00042279218437149
0.0004185210742402496
0.0004130680204655744
0.0004047986747994254
0.000404148426608864
0.0003976358218979436
0.0003796192627495115
0.0003771221047400947
0.000338211853435636
0.0003278707992766273
0.0003034959413172785
0.0003007351769370306
0.0002874250917705974
0.0002757287089396845
0.0002690908320247796
0.0002246559484893437
0.0002235561421686865
0.0002055750962779936
0.0001924455965960486
0.0001832757730122349
0.0001731454937207025
0.0001646582815746469
0.0001602055684028938
0.0001419961710736682
0.0001357001523520237
0.0001184481239319467
0.0001154499896369066
8.778987358730056e-05
8.245462594737213e-05
7.899223197519645e-05
7.541953868264101e-05
7.298991369196635e-05
5.740353161025638e-05
3.761416897369838e-05
3.418147593850187e-05
3.159484750535801e-05
1.940026045640988e-05
2.528304253246346e-14
2.949537611669416e-15
8.032393720185698e-16
8.534952249535267e-17
6.725460629589055e-17
1.314292513079768e-17
1.683667833227913e-22
1.014931901904478e-22
8.112910594636902e-24
6.64718729122026e-24
4.225310844545807e-24
2.291664313766944e-25
8.262299758102918e-31
1.35956944836293e-31
2.786505206201331e-32
8.338976948999703e-36
1.426406367949615e-36
8.907985630235734e-45
1.536194947881089e-46